image: columbia.png
resolution: 0.050000
origin: [-5.706540, -2.020793, 0.000000]
negate: 0
occupied_thresh: 0.65
free_thresh: 0.196

