image: mtl.pgm
resolution: 0.050000
origin: [-12.381815, -10.843172, 0.000000]
negate: 0
occupied_thresh: 0.65
free_thresh: 0.196

